sun:
  position_x: 1.4839179032551843E11
  position_y: 1.4814783128003838E10
  position_z: 6.4208134495262575E9
earth:
  rotation_x: -179.46807441832794
  rotation_y: -0.14059807480030853
  rotation_z: 0.0022033304753598694
moon:
  position_x: 3.245470475007939E8
  position_y: -1.51799735820824E8
  position_z: -8.142223370170395E7
type: "tle"
epoch: "2025-03-26T23:41:00.000096Z"
satellites:
  sat2:
    tle_line1: "1 44714C 19074B   25298.13729167 -.00006400  00000+0 -42881-3 0  2982"
    tle_line2: "2 44714  53.0536  75.1352 0001267  85.3073 161.2638 15.06407210    13"
    path: "Sputnik_1/Prefabs/Sputnik_1"
    mass: 3.0
    size_x: 1.0
    size_y: 1.0
    size_z: 1.0
    thruster_power: 50.0
    impulse: 200.0
  sat1:
    tle_line1: "1 25544U 98067A   25133.18664600  .00008383  00000-0  15740-3 0  9997"
    tle_line2: "2 25544  51.6343 120.4533 0002335 105.7353 254.3893 15.49501655509738"
    path: "Sputnik_1/Prefabs/Sputnik_1"
    mass: 3.0
    size_x: 1.0
    size_y: 1.0
    size_z: 1.0
    thruster_power: 50.0
    impulse: 200.0

